Request URL: https://e2ssingalb-v2.engage2serve.com/api/v2/admin/audience

{"campusid":null,"audienceType":"group","name":"Test group by e2s","description":"Test group by e2s","status":"active","count":null,"userType":"student","attributeData":[{"campusid":null,"attibuteId":1,"attibuteValue":"Antipolo Campus","attibuteOperator":"EQUALS","attibuteOperatorName":"Equals","attibuteName":"campus","attributeColumnName":"campus","attibuteValueId":71117,"attributeTableName":null,"attributeType":"system"},{"campusid":null,"attibuteId":2,"attibuteValue":"Hotel Management in Culinary Arts, Culinary Management - HMCA/CA/CM","attibuteOperator":"EQUALS","attibuteOperatorName":"Equals","attibuteName":"area","attributeColumnName":"curriculum","attibuteValueId":71252,"attributeTableName":null,"attributeType":"system"}],"userIds":null,"external":0,"publicAudience":true,"teamId":null,"addUsers":"74495350,74495368,74495417,74495456,74495467,74495549,74495578,74495592,74495764,74495765,74495801,74495874,74495886,74495983,74496002,74496008,
74496020,74496078,74496112,74496126,74496162,74496249,74496251,74496259,74496274,74496294,74496304,74496312,74496329,74496334,74496415,74496433,74496437,74496462,74496495,74496623,74496727,74496754,
74496834,74496855,74496895,74496950,74497004,74497038,74497089,74497125,74497131,74497160,74497167,74497253,74497304,74497309,74497538,74497552,74497581,74497622,74499419,74499420,74499421,74499423,
74499424,74499425,74499429,74499432,74499433,74499434,74499439,74499441,74499442,74499443,74499444,74499445,74499448,74499449,74499724,74499725,74499726,74499727,74499728,74499729,74499730,74499731,
74499732,74499733,74499734,74499735,74499736,74499737,74499738,74499739,74499740,74499741,74499742,74499743,74499744,74499745,74499746,74499747,74499748,74499749,74499750,74499751,74499753,74499754,
74499756,74499758,74499760,74513755,74521080,74521161,74521294,74521371,74521488,74521496,74522052,74522151,74522183,74522215,74522228,74522245,74522293,74522333,74522384,74522396,74522431,74522438,
74522463,74522464,74522497,74522515,74522581,74522595,74522683,74522722,74522749,74522768,74522813,74522826,74522840,74522853,74522855,74522907,74522944,74522945,74523025,74523052,74523069,74523106,
74523133,74523163,74523241,74523267,74523288,74523294,74523322,74523347,74523353,74523374,74523415,74523441,74523449,74523471,74523491,74523540,74523560,74523565,74523587,74523601,74523664,74523696,
74523755,74523786,74523809,74523816,74523838,74523854,74523910,74523920,74523921,74523947,74523989,74524010,74524018,74524031,74524124,74524136,74524176,74524204,74524213,74524229,74524285,74524296,
74524341,74524343,74524357,74524361,74524367,74524414,74524565,74524575,74524593,74524604,74524657,74524660,74524662,74524700,74524713,74524716,74524742,74524784,74524793,74524796,74524805,74524837,
74524854,74524919,74524960,74524994,74525053,74525074,74525076,74525087,74525098,74525107,74525126,74525206,74525223,74525233,74525281,74525320,74525325,74525347,74525355,74525415,74525425,74525441,
74525445,74525455,74525507,74525508,74525594,74525604,74525606,74525622,74525777,74525958"}

------------------------------
uat payload:
{"campusid":null,"audienceType":"group","name":"Test Group 121","description":"Test Group 121","status":"active","count":null,"userType":"student","attributeData":null,"userIds":null,"external":0,"publicAudience":true,"teamId":null,"addUsers":"74499532,74499826"}


