eversity-- groups create::
Request URL: https://e2suat-platform-service.engage2serve.com/api/v2/admin/audience/userRecords?q=%5B%5B%5D%5D&limit=-1&joinCondition=AND&joinConditionList=[%22AND%22]

count datas:in personas
Request URL: https://e2suat-platform-service.engage2serve.com/api/v2/admin/audience/getAll/1/userdetails?q=%5B%5B%5D%5D&limit=-1&order=ASC&orderBy=name&joinCondition=AND&joinConditionList=[%22AND%22]
============================================================================================================
personas details:
Request URL: https://e2suat-platform-service.engage2serve.com/api/v2/admin/audience/2
============================================================================================================
groups create api: uat
Request URL: https://e2suat-platform-service.engage2serve.com/api/v2/admin/audience

payload:
{"campusid":null,"audienceType":"group","name":"Batch 2","description":"groups for batch 2","status":"active","count":null,"userType":"student","attributeData":null,"userIds":null,"external":0,"publicAudience":true,"teamId":null,"addUsers":"74499826"}

============================================================================================================
20/07/2022
{"campusid":null,"audienceType":"group","name":"Test 1","description":"Test 1","status":"active","count":null,"userType":"student","attributeData":[{"campusid":null,"attibuteId":2,"attibuteValue":"Nutrition and Dietetics - ND","attibuteOperator":"EQUALS","attibuteOperatorName":"Equals","attibuteName":"area","attributeColumnName":"curriculum","attibuteValueId":71127,"attributeTableName":null,"attributeType":"system"}],"userIds":null,"external":0,"publicAudience":true,"teamId":null,"addUsers":"74454144,74454483,74454691,74454910,74454917,74454961,74456093,74456131,74456661,74456799,74456869,74456948,74457015,74457363,74460191,74495282,74495283,74495284,74495285,74495288,74495299,74495300,74495304,74495305,74495308,74497585,74499115,74499117,74499118,74499119,74499120,74499121,74499122,74499123,74499124,74499125,74499126,74499127,74499128,74499129,74499130,74499131,74499132,74521636,74521639,74521676,74522011,74522233,74522298,74522390,74522469,74522488,74522594,74522864,74523024,74523257,74523398,74523495,74523617,74523795,74523869,74523942,74523973,74524048,74524093,74524105,74524191,74524220,74524352,74524360,74524404,74524405,74524524,74524541,74524626,74524664,74524683,74524745,74524832,74524841,74524923,74524944,74524965,74525127,74525346,74525374,74525440"}
============================================UAT============================================================
{"campusid":null,"audienceType":"group","name":"Batch 55","description":"Batch 55 test e2s","status":"active","count":null,"userType":"student","attributeData":null,"userIds":null,"external":0,"publicAudience":true,"teamId":null,"addUsers":"74454108,74454109,74454112,74454113,74454119,74454121,74454128,74454129,74454134,74454140,74454144,74454157,74454166,74454174,74454179,74454180,74454182,74454185,74454202,74454207,74454209,74454211,74454212,74454213,74454223,74454224,74454225,74454234,74454239,74454243,74454244,74454253,74454260,74454261,74454268,74454269,74454279,74454287,74454290,74454292,74454293,74454301,74454304,74454316,74454317,74454320,74454323,74454329,74454333,74454337,74454339,74454340,74454342,74454343,74454352,74454353,74454354,74454355,74454357,74454365,74454366,74454367,74454369,74454372,74454376,74454385,74454386,74454390,74454393,74454395,74454398,74454401,74454402,74454403,74454410,74454415,74454422,74454426,74454428,74454430,74454439,74454455,74454456,74454459,74454461,74454466,74454471,74454474,74454483,74454490,74454515,74454521,74454526,74454532,74454533,74454538,74454565,74454568,74454569,74454574,74454581,74454587,74454588,74454590,74454591,74454592,74454593,74454597,74454599,74454604,74454605,74454608,74454614,74454617,74454618,74454621,74454623,74454624,74454625,74454626,74454627,74454628,74454631,74454632,74454637,74454638,74454641,74454645,74454648,74454654,74454657,74454658,74454659,74454660,74454662,74454667,74454669,74454673,74454678,74454684,74454688,74454692,74454694,74454697,74454698,74454712,74454718,74454719,74454723,74454725,74454730,74454746,74454748,74454758,74454762,74454766,74454770,74454771,74454773,74454778,74454784,74454786,74454790,74454795,74454803,74454808,74454811,74454813,74454815,74454821,74454822,74454823,74454827,74454829,74454835,74454838,74454839,74454841,74454843,74454845,74454850,74454851,74454856,74454857,74454859,74454860,74454861,74454862,74454863,74454864,74454866,74454868,74454869,74454871,74454872,74454873,74454874,74454885,74454887,74454889,74454890,74454894,74454899,74454903,74454907,74454909,74454910,74454911,74454912,74454917,74454927,74454930,74454931,74454935,74454937,74454940,74454941,74454949,74454954,74454955,74454958,74454961,74454963,74454965,74454970,74454973,74454974,74454975,74454976,74454985,74454992,74454999,74455000,74455001,74455003,74455004,74455005,74455008,74455012,74455019,74455020,74455021,74455024,74455028,74455042,74455046,74455047,74455050,74455057,74455064,74455065,74455071,74455073,74455078,74455080,74455082,74455091,74455093,74455094,74455095,74455096,74455098,74455099,74455106,74455107,74455108,74455113,74455120,74455122,74455127,74455130,74455132,74455140,74455141,74455142,74455143,74455144,74455151,74455152,74455153,74455185,74457476,74457870,74459826,74460053,74495522,74495826,74496856,74497933,74497939,74497940,74497963,74497971,74497992,74499074,74499207,74499240,74499276,74499532"}
============================================================================================================
calendar--event-- communication email -- issue

Request URL: https://e2ssingalb-v2.engage2serve.com/api/v2/calendars/communication

{"sessionId":1,"sessionIds":"76","statusNames":"invited","calendarId":71,"templateId":3597,"type":"time","scheduleDate":1658326500000,"commType":"email","inviteeStatus":"attended","active":1,"completed":1}
